kinect:
  x: 0.009061
  y: 0.0
  z: -0.012685
  roll: 0.0
  pitch: -0.002616
  yaw: 0.0
