kinect:
  x: -0.089528 
  y: 0.0
  z: 0.125830
  roll: 0.0
  pitch: -0.159571
  yaw: 0.0
