kinect:
  x: -0.087270
  y: 0.0
  z: 0.122569
  roll: 0.0
  pitch: -0.124349
  yaw: 0.0
  mount_height: 0.78
  mount_pitch: 0.62
