
kinect:
  x: 0.009826
  y: 0.0
  z: -0.013821
  roll: 0.0
  pitch: 0.023136
  yaw: 0.0
  mount_height: 0.78
  mount_pitch: 0.62
