kinect:
  x: -0.091553 
  y: 0.0
  z: 0.128626
  roll: 0.0
  pitch: -0.145131
  yaw: 0.0
