kinect:
  x: 0.007345
  y: 0.0
  z: -0.010275
  roll: 0.0
  pitch: -0.005453
  yaw: 0.0
