kinect:
  x: -0.090309 
  y: 0.0
  z: 0.126880
  roll: 0.0
  pitch: -0.144024
  yaw: 0.0
