kinect:
  x: 0.004374
  y: 0.0
  z: -0.002684
  roll: 0.0
  pitch: 0.039691
  yaw: 0.0
  mount_height: 0.939 # 0.78 - mounted low (AMR47); 0.939 - mounted high (AMR1)
  mount_pitch: 0.427 # 0.62 - mounted low (AMR47); 0.427 - mounted high (AMR1)
