kinect:
  x: 0.007806 
  y: 0.0
  z: -0.010913
  roll: 0.0
  pitch: -0.008185
  yaw: 0.0
