kinect:
  x: 0.008669 
  y: 0.0
  z: -0.012061
  roll: 0.0
  pitch: -0.031938
  yaw: 0.0
  mount_height: 0.78
  mount_pitch: 0.62
