kinect:
  x: -0.089756 
  y: 0.0
  z: 0.126144
  roll: 0.0
  pitch: -0.157887
  yaw: 0.0
