kinect:
  x: -0.089714
  y: 0.0
  z: 0.125995
  roll: 0.0
  pitch: -0.125525
  yaw: 0.0
