kinect:
  x: -0.087701
  y: 0.0
  z: 0.123181
  roll: 0.0
  pitch: -0.127153
  yaw: 0.0
