kinect:
  x: -0.089093
  y: 0.0
  z: 0.125162
  roll: 0.0
  pitch: -0.138810
  yaw: 0.0
