kinect:
  x: 0.009061
  y: 0.0
  z: -0.012685
  roll: 0.0
  pitch: -0.002616
  yaw: 0.0
  mount_height: 0.78 # 0.78 - mounted low (AMR47); 0.939 - mounted high (AMR1)
  mount_pitch: 0.62 # 0.62 - mounted low (AMR47); 0.427 - mounted high (AMR1)
