kinect:
  x: 0.011099
  y: 0.0
  z: -0.015508
  roll: 0.0
  pitch: -0.014854
  yaw: 0.0
