kinect:
  x: 0.008011
  y: 0.0
  z: -0.01564
  roll: 0.0
  pitch: -0.018603
  yaw: 0.0
