kinect:
  x: -0.089687 
  y: 0.0
  z: 0.126037
  roll: 0.0
  pitch: -0.154105
  yaw: 0.0
