kinect:
  x: -0.089679 
  y: 0.0
  z: 0.126021
  roll: 0.0
  pitch: -0.152414
  yaw: 0.0
