kinect:
  x: -0.088938
  y: 0.0
  z: 0.123936
  roll: 0.0
  pitch: -0.135614
  yaw: 0.0
