kinect:
  x: -0.086972
  y: 0.0
  z: 0.122178
  roll: 0.0
  pitch: -0.133957
  yaw: 0.0
