kinect:
  x: -0.090337 
  y: 0.0
  z: 0.126920
  roll: 0.0
  pitch: -0.143951
  yaw: 0.0
