kinect:
  x: -0.087852
  y: 0.0
  z: 0.123346
  roll: 0.0
  pitch: -0.110453
  yaw: 0.0

