kinect:
  x: -0.087427
  y: 0.0
  z: 0.122814
  roll: 0.0
  pitch: -0.133648
  yaw: 0.0
