kinect:
  x: 0.008575
  y: 0.0
  z: -0.016502
  roll: 0.0
  pitch: 0.009000
  yaw: 0.0
