kinect:
  x: -0.087400
  y: 0.0
  z: 0.122771
  roll: 0.0
  pitch: -0.131530
  yaw: 0.0
  mount_height: 0.78
  mount_pitch: 0.62
